

Waiting for client connection...
Client connected (auth).
Connecting to AuthServer
Connected to AuthServer
Server->Bot: BA 00 00 63 63 D4 A6 42 E2 75 84 E7 3D 9D 84 D6 F4 D6 0B 03 D4 2A 09 F1 ED 81 1D 9E 19 0E 82 AE 91 93 95 12 48 79 9B 1A FA CD 21 C6 5B BE B1 18 86 0A 4B 94 DE 91 93 69 DF 33 A1 9B 1B F2 A9 17 9C BF E9 43 2F 74 33 A8 8C AC 01 E7 82 7B 59 0E 68 1A DA 7A AC BC F1 83 F4 0B 1E 2B 93 C3 B8 5F 5F 6F 20 8A C6 FE D0 CD 80 B2 21 3A 37 80 BB D1 AA 60 BD 4E 06 82 2C ED 73 FD 35 29 62 13 B2 3C 26 19 32 DF C8 3F CB 23 67 D1 D3 8F 53 5B 6A 41 FF 89 CD FD AF 55 C6 22 1A 08 5F EB 0A 56 E8 14 5C 6F D0 05 2D 24 DB 02 A3 17 AF E5 A4 4E 82 7A B7 0C 26 34 9B E4 C5 CC F5 4C 
INIT packet received
Client->Bot: 2A 00 07 63 63 D4 22 00 00 00 00 00 00 00 00 00 00 00 00 00 00 00 00 00 00 00 25 63 63 D4 00 00 00 00 00 00 00 00 00 00 00 00 
Server->Bot: 22 00 0B 63 63 D4 22 00 00 00 00 00 00 00 00 00 00 00 00 00 00 00 00 B4 D3 55 C2 39 DE 5B EB EE 6E DA 
GGAuth packet received
Client->Bot: C2 00 00 7D 3F C4 1F 92 26 E3 B6 07 A5 74 0E 18 49 62 17 7A F2 BF D2 B6 AB 28 68 63 6B C6 D7 68 B2 B3 EE 7F C8 0B A4 A6 DF DA BB 19 A3 6D 4B 06 C7 FF 3F 62 54 B0 AA 2F 7D E9 C7 D6 27 4B D4 52 0A FE 1C 23 30 3F 09 52 17 E6 C0 A8 5A D8 B4 45 90 3D F3 0B AE 8C 2A 54 7D 4F 10 4B A4 EF 62 E3 46 52 EA 97 8A DE 3E 55 59 99 E9 B2 E3 E2 3E 9A 7F 9F D7 48 C2 5E FD 18 4D 6B 2B 12 34 F7 03 10 DC EA 41 63 63 D4 22 00 00 00 00 00 00 00 00 00 00 00 00 00 00 00 00 08 00 00 00 00 00 00 DB 37 0B 78 7E 1F 9E 24 7D 42 29 AC FE 4D 4B F1 00 00 00 00 6F A7 62 F9 00 00 00 00 00 00 00 00 00 00 00 00 
Server->Bot: 3A 00 03 3D 46 AF 9A 64 19 CB C2 00 00 00 00 00 00 00 00 EA 03 00 00 00 00 00 00 00 00 00 00 00 00 00 00 00 00 00 00 00 00 00 00 00 00 00 00 00 00 00 00 6C BE EE 5B DF E2 8A 
LoginOK packet received

--- TOS: click agree 

Client->Bot: 22 00 05 3D 46 AF 9A 64 19 CB C2 05 00 00 00 00 00 00 5D 5C 5F 64 00 00 00 00 00 00 00 00 00 00 00 00 
Server->Bot: 2A 00 04 01 01 01 7F 00 00 01 62 1E 00 00 00 01 00 00 F4 01 01 01 00 00 00 00 00 00 01 01 01 00 C4 24 A0 37 F1 42 4C 28 34 66 
SERVERLIST packet received

--- serverlist: click confirm

Client->Bot: 22 00 02 3D 46 AF 9A 64 19 CB C2 01 00 00 00 00 00 00 5A 58 5F 64 00 00 00 00 00 00 00 00 00 00 00 00 
Server->Bot: 12 00 07 9F 41 92 99 40 8D 06 2F 7B 39 F5 B1 A4 F5 61 
PLAYOK packet received
Disconnecting from AuthServer
Connecting to GameServer
Connected to GameServer
Recv failed
Server/client closed the connection
Client connected (game).
Client->Bot: 0B 01 0E 11 01 00 00 09 07 54 56 03 09 0B 01 07 02 54 54 56 07 00 02 55 56 00 51 00 53 57 04 07 55 08 54 01 07 01 53 00 56 55 56 01 06 05 04 51 03 08 51 08 51 56 04 54 06 55 08 02 09 51 56 01 53 06 55 04 53 00 56 56 53 01 09 02 09 01 51 54 51 09 55 56 09 03 04 07 05 55 04 06 55 04 06 09 04 51 01 08 08 06 05 52 06 04 01 07 54 03 06 52 55 06 55 55 51 01 02 04 54 03 55 54 01 57 51 55 05 52 05 54 07 51 51 55 07 02 53 53 00 52 05 52 07 01 54 00 03 05 05 08 06 05 05 06 03 00 0D 08 01 07 09 03 51 03 07 53 09 51 06 07 54 0A 50 56 02 52 04 05 55 51 02 53 00 08 54 04 52 56 06 02 09 00 08 03 53 56 01 05 00 55 06 08 56 04 0D 06 07 52 06 07 04 0A 06 01 04 54 04 00 05 02 04 54 00 09 52 53 05 04 01 04 05 05 01 52 51 52 0D 06 51 08 09 54 53 00 0D 01 02 03 54 53 01 05 03 08 56 54 07 02 54 0B 06 A6 23 F4 FE 
Server->Bot: 19 00 2E 01 C4 5C 69 01 85 7A 5F 6F 01 00 00 00 01 00 00 00 01 00 00 00 00 
Client->Bot: 35 00 2B 75 00 73 00 65 00 72 00 6E 00 61 00 6D 00 65 00 00 00 40 8D 06 2F 9F 41 92 99 3D 46 AF 9A 64 19 CB C2 01 00 00 00 67 01 00 00 00 00 00 00 00 00 00 00 
Server->Bot: 71 01 09 01 00 00 00 07 00 00 00 00 54 00 65 00 73 00 74 00 43 00 68 00 61 00 72 00 4E 00 61 00 6D 00 65 00 00 00 F5 C1 01 10 75 00 73 00 65 00 72 00 6E 00 61 00 6D 00 65 00 00 00 9F 41 92 99 00 00 00 00 00 00 00 00 01 00 00 00 01 00 00 00 19 00 00 00 01 00 00 00 52 B9 00 00 CE A0 00 00 4B F2 FF FF 00 00 00 00 00 00 58 40 00 00 00 00 00 00 56 40 00 00 00 00 00 00 00 00 00 00 00 00 00 00 00 00 00 00 00 00 01 00 00 00 00 00 00 00 00 00 00 00 00 00 00 00 00 00 00 00 00 00 00 00 00 00 00 00 00 00 00 00 00 00 00 00 00 00 00 00 00 00 00 00 00 00 00 00 00 00 00 00 00 00 00 00 00 00 00 00 00 00 00 00 00 00 00 00 00 00 00 00 06 00 00 00 00 00 00 00 00 00 00 00 A9 01 00 00 CD 01 00 00 00 00 00 00 00 00 00 00 06 00 00 00 00 00 00 00 00 00 00 00 00 00 00 00 00 00 00 00 00 00 00 00 00 00 00 00 00 00 00 00 00 00 00 00 00 00 00 00 00 00 00 00 00 00 00 00 01 00 00 00 01 00 00 00 01 00 00 00 00 00 00 00 00 00 58 40 00 00 00 00 00 00 56 40 00 00 00 00 19 00 00 00 01 00 00 00 00 00 00 00 00 00 00 00 00 00 00 00 00 00 00 00 00 00 00 00 00 00 00 00 00 00 00 00 00 00 00 00 00 00 00 00 00 00 00 00 00 20 4E 00 00 

--- character select (already have a character): click start

(lots of communication)

--- fully ingame